1
2
4
5
6
8
9
11
13
16
21
22
24
25
26
27
28
31
33
34
35
36
37
38
39
44
45
47
51
53
61
63
64
68
69
70
73
75
76
78
79
85
87
88
100
101
103
104
106
107
109
110
112
113
117
120
124
126
127
129
133
135
136
137
140
141
142
143
144
145
149
152
153
154
157
158
159
161
162
167
168
169
170
171
172
173
174
181
184
187
189
190
191
193
197
199
202
208
216
218
223
224
225
226
230
232
236
239
242
243
244
254
257
258
260
263
278
279
281
282
287
288
289
292
293
294
301
304
307
316
318
319
320
326
328
332
334
340
341
346
351
352
356
357
358
362
366
368
369
370
371
372
381
383
384
388
390
396
398
399
402
404
409
410
428
436
442
449
460
461
462
467
468
476
478
493
501
507
510
517
518
519
521
525
526
527
529
532
535
537
538
544
545
552
553
554
555
556
557
559
568
575
577
580
582
586
588
589
590
592
593
597
600
607
613
622
623
635
636
638
643
648
649
656
660
662
677
682
691
699
700
706
707
708
723
724
727
734
741
748
751
754
763
768
769
774
777
778
794
797
800
809
842
851
855
857
865
867
870
873
880
894
897
912
922
923
924
940
945
960
970
974
981
984
985
986
991
994
997
1001
1010
1011
1012
1014
1017
1018
1028
1032
1036
1038
1040
1043
1046
1047
1050
1051
1055
1056
1082
1088
1090
1093
1107
1112
1114
1115
1127
1128
1131
1135
1137
1138
1143
1145
1148
1150
1152
1154
1163
1174
1177
1184
1185
1194
1195
1209
1215
1220
1227
1247
1256
1260
1264
1276
1295
1299
1304
1321
1322
1325
1334
1336
1340
1349
1354
1365
1367
1369
1371
1373
1380
1382
1384
1386
1387
1390
2004
2024
2036
2075
2078
2104
2110
2157
2170
2191
2216
2224
2226
2279
2288
2326
2334
2352
2552
2553
2568
2588
